[1] 100   2
           x           y
1 -0.9017869 -1.41587953
2  0.6608505 -0.59672353
3 -1.2430814 -0.03371225
4  0.3360568  0.01919935
5  1.3445898  1.04079149
6  1.1025624  0.14319060
[1] 100   2
[1] 100   2
[1] 300   2
  [1] 3 3 2 3 1 1 1 3 3 1 1 3 3 1 1 1 3 3 3 2 3 1 3 1 2 3 1
 [28] 3 2 2 1 3 3 3 3 1 1 3 2 2 3 1 1 1 3 3 3 3 3 1 3 3 3 3
 [55] 3 3 3 3 2 3 3 1 2 3 1 3 3 1 1 1 3 2 3 1 2 3 1 1 1 1 1
 [82] 1 1 3 2 3 1 1 1 3 3 3 1 3 1 3 1 1 3 1 1 3 3 1 3 3 1 1
[109] 3 3 1 3 3 1 3 1 3 1 3 3 1 1 1 1 3 3 3 1 3 1 1 1 3 1 1
[136] 1 1 3 3 1 3 3 3 3 3 1 1 3 1 1 3 3 3 1 3 1 1 1 3 1 3 3
[163] 3 1 3 1 1 1 3 1 3 1 1 1 1 1 1 1 3 1 1 3 1 1 3 1 1 1 3
[190] 1 3 1 1 3 1 3 1 1 1 1 2 2 2 2 2 2 2 2 1 2 2 2 1 1 2 2
[217] 2 2 1 2 2 2 2 2 2 2 2 2 1 2 2 2 2 2 2 2 1 2 1 2 2 2 2
[244] 2 2 2 2 2 2 2 2 2 2 2 2 1 2 2 2 2 2 2 1 2 2 2 2 2 2 2
[271] 2 2 2 2 2 2 2 2 2 2 2 2 2 2 2 1 2 2 2 2 2 2 2 2 2 2 2
[298] 2 1 2
  [1] 1 1 1 2 2 2 2 2 2 2 2 1 1 2 1 2 1 1 1 1 1 1 2 3 1 2 2
 [28] 1 1 1 1 1 1 1 1 1 2 1 1 2 2 2 2 1 1 1 1 1 1 1 1 1 1 1
 [55] 1 2 1 1 1 1 2 3 1 1 2 1 1 3 2 1 1 1 1 1 2 2 1 2 1 2 1
 [82] 2 2 1 1 1 2 2 3 1 1 2 2 1 2 1 2 3 1 3 2 1 2 2 2 1 2 2
[109] 2 1 2 1 2 3 1 2 1 2 1 2 2 2 2 2 2 1 2 2 1 2 2 2 1 2 2
[136] 2 2 1 1 2 1 2 1 2 1 2 2 2 3 2 1 2 1 2 1 2 2 2 1 2 2 2
[163] 2 2 1 2 2 2 2 2 2 2 2 2 2 2 3 2 1 2 2 1 2 2 1 2 2 2 2
[190] 2 2 2 2 1 2 1 2 2 2 2 1 1 1 1 1 1 1 1 3 1 1 1 3 3 1 1
[217] 1 1 3 1 1 1 1 1 1 1 1 1 1 1 1 1 1 1 1 1 3 1 3 1 1 1 1
[244] 1 1 1 1 1 1 1 1 1 1 1 1 1 1 1 1 1 1 1 3 1 1 1 1 1 1 1
[271] 1 1 1 1 1 1 1 1 1 1 1 1 1 1 1 3 1 1 1 1 1 1 1 1 1 1 1
[298] 1 3 1
[1] 100   2
[1] 100   2
[1] 300   2
[1] "SC =  0.436756424584305"

Processing end date and time
Sat Jun 29 16:37:39 2019

[1] "Total processing time = 9.83 seconds"
